{
 "cells": [
  {
   "attachments": {},
   "cell_type": "markdown",
   "metadata": {},
   "source": [
    "# 육상선수 종목별 기록 데이터"
   ]
  },
  {
   "cell_type": "code",
   "execution_count": 27,
   "metadata": {},
   "outputs": [],
   "source": [
    "import numpy as np\n",
    "\n",
    "A = np.array([\n",
    "              [3.73, 1.86, 15.8, 4.05, 7.27, 45.66, 34.92 ],\n",
    "              [3.57, 1.80, 16.23, 2.96, 6.71, 42.56, 37.31],\n",
    "              [3.22, 1.83, 14.20, 3.51, 6.68, 44.54, 39.23],\n",
    "              [2.81, 1.80, 15.23, 2.69, 6.25, 42.78, 31.19],\n",
    "              [2.91, 1.74, 14.76, 2.68, 6.32, 47.46, 35.53],\n",
    "              [2.67, 1.83, 13.50, 1.96, 6.33, 42.82, 37.64]\n",
    "])\n"
   ]
  },
  {
   "attachments": {},
   "cell_type": "markdown",
   "metadata": {},
   "source": [
    "# 허들 종목 기록 데이터 및 통계지표"
   ]
  },
  {
   "cell_type": "code",
   "execution_count": 14,
   "metadata": {},
   "outputs": [
    {
     "name": "stdout",
     "output_type": "stream",
     "text": [
      "허들 종목 기록 데이터\n",
      "평균:3.152\n",
      "분산:0.184\n",
      "표준편차:0.392\n"
     ]
    }
   ],
   "source": [
    "print('허들 종목 기록 데이터')\n",
    "# 평균\n",
    "print(f'평균:{A[:,0].mean():.3f}')\n",
    "# 분산 var // ddof = 자유도 (n-ddof)\n",
    "print(f'분산:{A[:,0].var(ddof=1):.3f}')\n",
    "# 표준편차 std\n",
    "print(f'표준편차:{A[:,0].std():.3f}')"
   ]
  },
  {
   "attachments": {},
   "cell_type": "markdown",
   "metadata": {},
   "source": [
    "# 공분산 행렬 구하기"
   ]
  },
  {
   "cell_type": "code",
   "execution_count": 31,
   "metadata": {},
   "outputs": [
    {
     "name": "stdout",
     "output_type": "stream",
     "text": [
      "[[ 1.84256667e-01  7.36000000e-03  3.24893333e-01  2.61910000e-01\n",
      "   1.51253333e-01  1.08713333e-01  2.22240000e-01]\n",
      " [ 7.36000000e-03  1.68000000e-03 -7.60000000e-04  1.35600000e-02\n",
      "   1.03400000e-02 -2.90800000e-02  2.22600000e-02]\n",
      " [ 3.24893333e-01 -7.60000000e-04  1.02806667e+00  3.88260000e-01\n",
      "   1.99426667e-01 -2.62533333e-02 -1.05972000e+00]\n",
      " [ 2.61910000e-01  1.35600000e-02  3.88260000e-01  5.28110000e-01\n",
      "   2.43560000e-01  5.23940000e-01  7.84600000e-02]\n",
      " [ 1.51253333e-01  1.03400000e-02  1.99426667e-01  2.43560000e-01\n",
      "   1.48186667e-01  1.57186667e-01  2.10000000e-01]\n",
      " [ 1.08713333e-01 -2.90800000e-02 -2.62533333e-02  5.23940000e-01\n",
      "   1.57186667e-01  3.88422667e+00  8.52800000e-02]\n",
      " [ 2.22240000e-01  2.22600000e-02 -1.05972000e+00  7.84600000e-02\n",
      "   2.10000000e-01  8.52800000e-02  7.87132000e+00]]\n"
     ]
    }
   ],
   "source": [
    "# rowvar : True(기본값)인 경우에는 행이 변수를 나타내며, 열은 각 변수의 관측치를 나타낸다\n",
    "B = np.cov(A, rowvar=False)\n",
    "print(B)"
   ]
  },
  {
   "cell_type": "code",
   "execution_count": 26,
   "metadata": {},
   "outputs": [
    {
     "data": {
      "text/plain": [
       "array([[ 1.84256667e-01,  7.36000000e-03,  3.24893333e-01,\n",
       "         2.61910000e-01,  1.51253333e-01,  1.08713333e-01,\n",
       "         2.22240000e-01],\n",
       "       [ 7.36000000e-03,  1.68000000e-03, -7.60000000e-04,\n",
       "         1.35600000e-02,  1.03400000e-02, -2.90800000e-02,\n",
       "         2.22600000e-02],\n",
       "       [ 3.24893333e-01, -7.60000000e-04,  1.02806667e+00,\n",
       "         3.88260000e-01,  1.99426667e-01, -2.62533333e-02,\n",
       "        -1.05972000e+00],\n",
       "       [ 2.61910000e-01,  1.35600000e-02,  3.88260000e-01,\n",
       "         5.28110000e-01,  2.43560000e-01,  5.23940000e-01,\n",
       "         7.84600000e-02],\n",
       "       [ 1.51253333e-01,  1.03400000e-02,  1.99426667e-01,\n",
       "         2.43560000e-01,  1.48186667e-01,  1.57186667e-01,\n",
       "         2.10000000e-01],\n",
       "       [ 1.08713333e-01, -2.90800000e-02, -2.62533333e-02,\n",
       "         5.23940000e-01,  1.57186667e-01,  3.88422667e+00,\n",
       "         8.52800000e-02],\n",
       "       [ 2.22240000e-01,  2.22600000e-02, -1.05972000e+00,\n",
       "         7.84600000e-02,  2.10000000e-01,  8.52800000e-02,\n",
       "         7.87132000e+00]])"
      ]
     },
     "execution_count": 26,
     "metadata": {},
     "output_type": "execute_result"
    }
   ],
   "source": [
    "col_mean = np.mean(A,axis= 0)\n",
    "X = A - col_mean\n",
    "cov = X.T.dot(X) / (len(X) - 1)\n",
    "cov"
   ]
  },
  {
   "attachments": {},
   "cell_type": "markdown",
   "metadata": {},
   "source": [
    "# 선형대수\n",
    "- 벡터 공간과 선형 변환을 중심으로 한 학문 체계를 말하며 다양한 분야에서 폭넓게 사용하고 있다."
   ]
  },
  {
   "attachments": {},
   "cell_type": "markdown",
   "metadata": {},
   "source": [
    "## 벡터\n",
    "- 데이터 여러개를 한 줄에 담아낼 수 있게 만든것\n",
    "- 벡터에는 행벡터와 열벡터 두 종류가 있다.\n",
    "- 서로 대응하는 성분끼리 덧셈과 뺄셈을 한다.\n",
    "- 벡터의 모든 성분에 같은 수를 곱하는 것을 스칼라배라고 한다\n",
    "- 서로 다른 차원의 벡터끼리는 덧셈과 뺄셈을 할 수 없다"
   ]
  },
  {
   "attachments": {},
   "cell_type": "markdown",
   "metadata": {},
   "source": [
    "## 유향선분\n",
    "- 화살표 관점에서 벡터는 크기와 방향을 갖는 양이다\n",
    "- 이러한 벡터에 대해 방향과 거리를 나타내는 화살표를 **유향선분**이라고 한다."
   ]
  },
  {
   "attachments": {},
   "cell_type": "markdown",
   "metadata": {},
   "source": [
    "## 내적\n",
    "- 벡터에서 서로 대응하는 성분끼리 곱한 다음, 그것들을 모두 더한 것이 내적이다.\n",
    "- 벡터와 벡터의 내적은 수, 즉 스칼라가 된다.\n",
    "- 서로 다른 차원의 벡터끼리는 계산을 할 수 없다.\n",
    "\n",
    "- 정의\n",
    "    - 내적을 정의할 대는 기하학적인 특징으로도 정의할 수도 있는대, 벡터 a와b가 이루는 각이O일 때 <a,b>는 다음과 같이 정의할 수 있다.\n",
    "    - <a,b> = ||a||||b|| cos VEC"
   ]
  },
  {
   "attachments": {},
   "cell_type": "markdown",
   "metadata": {},
   "source": [
    "## 선형대수 -내적 직교 조건\n",
    "- 벡터 A,B가 서로 직교할때 다음 식이 성립한다. <a,b> = 0"
   ]
  },
  {
   "cell_type": "code",
   "execution_count": 39,
   "metadata": {},
   "outputs": [
    {
     "data": {
      "text/plain": [
       "4.0"
      ]
     },
     "execution_count": 39,
     "metadata": {},
     "output_type": "execute_result"
    }
   ],
   "source": [
    "16**(1/2)"
   ]
  },
  {
   "attachments": {},
   "cell_type": "markdown",
   "metadata": {},
   "source": [
    "## 행렬의 곱셉\n",
    "- 행렬 곱AB가 가능하기 위해서는 행렬 A의 열의 개수 와 행렬 B의 행의 개수가 같아야한다\n",
    "- 교환법칙이 성립하지 않는다. AB != BA\n"
   ]
  },
  {
   "attachments": {},
   "cell_type": "markdown",
   "metadata": {},
   "source": [
    "## 선형변환\n",
    "- 벡터 공간에서 또 다른 벡터 공간으로 벡터의 특징을 유지한 채 변환하는 방법\n",
    "- 선이 선으로 남아 있어야 한다\n",
    "- 원점이 고정된 채로 유지되어야 한다"
   ]
  },
  {
   "attachments": {},
   "cell_type": "markdown",
   "metadata": {},
   "source": [
    "## 고윳값과 고유 벡터\n",
    "- 선형변환(일차변환)으로 방향이 바뀌지 않는 벡터를 고유벡터 라고 한다.\n",
    "- 그리고, 이 고유벡터의 변환 전과 후의 비율을 고윳값이라고 한다\n",
    "- 2X2 행렬은 반드시 두쌍의 고윳값과 고유벡터를 가진다\n",
    "- 선형변환을 했을때 방향이 바뀌지 않고 크기(값)만 커질대 벡터의 방향이 고유벡터이고, 변화한 벡터의 길이 비율이 고윳값이다\n",
    "\n"
   ]
  },
  {
   "attachments": {},
   "cell_type": "markdown",
   "metadata": {},
   "source": [
    "## 고유값 분해\n",
    "- 정방행렬의 인수분해를 고유값 분해라고 한다.\n",
    "- 행렬A는 다음과 같이 고유값 분해 될 수 있다.\n",
    "- "
   ]
  },
  {
   "attachments": {},
   "cell_type": "markdown",
   "metadata": {},
   "source": [
    "- 입력데이터의 공분산 행렬을 구한다 X.T.X/(n-1)\n",
    "- 공분산 행렬을 고유값 분해해서 고유 벡터와 고유값을 구한다 A = VAV**(1/2)\n",
    "- 고유값이 가장 큰 k개의 고유벡터를 추출\n",
    "- 고유값이 가장큰 순으로 추출된 고유벡터를 이용해 입력데이터들을 선형 변환(내적)"
   ]
  }
 ],
 "metadata": {
  "kernelspec": {
   "display_name": "Python 3",
   "language": "python",
   "name": "python3"
  },
  "language_info": {
   "codemirror_mode": {
    "name": "ipython",
    "version": 3
   },
   "file_extension": ".py",
   "mimetype": "text/x-python",
   "name": "python",
   "nbconvert_exporter": "python",
   "pygments_lexer": "ipython3",
   "version": "3.11.3"
  },
  "orig_nbformat": 4
 },
 "nbformat": 4,
 "nbformat_minor": 2
}
